0.000000000000000000e+00 9.424953197004606875e-02 3.906250000000000000e-03 9.765625000000000000e-03 1.210937500000000000e-01 1.367187500000000000e-01 9.765625000000000000e-03 5.859375000000000000e-03 3.228956653225806273e-02 2.929687500000000000e-02 1.191406250000000000e-01 1.064453125000000000e-01 2.734375000000000000e-02 3.515625000000000000e-02 5.234375000000000000e-01 1.592741935483870941e-01
1.000000000000000000e+00 2.842359411002304270e-01 2.246093750000000000e-01 1.738281250000000000e-01 3.603515625000000000e-01 3.330078125000000000e-01 2.187500000000000000e-01 1.982421875000000000e-01 6.161794354838710103e-02 1.630859375000000000e-01 1.943359375000000000e-01 1.923828125000000000e-01 1.855468750000000000e-01 1.064453125000000000e-01 8.486328125000000000e-01 7.184664818548387455e-01
2.000000000000000000e+00 4.447567144297234765e-01 4.599609375000000000e-01 4.130859375000000000e-01 4.755859375000000000e-01 4.853515625000000000e-01 4.033203125000000000e-01 4.521484375000000000e-01 1.466103830645161532e-01 2.607421875000000000e-01 4.062500000000000000e-01 4.794921875000000000e-01 3.076171875000000000e-01 1.994077620967742159e-01 8.964843750000000000e-01 8.405367943548387455e-01
3.000000000000000000e+00 5.292676231278801158e-01 5.058593750000000000e-01 5.048828125000000000e-01 5.478515625000000000e-01 5.566406250000000000e-01 4.755859375000000000e-01 5.087890625000000000e-01 2.475113407258064668e-01 3.613281250000000000e-01 5.527343750000000000e-01 5.976562500000000000e-01 3.837890625000000000e-01 3.392452116935484319e-01 9.482421875000000000e-01 8.796307963709677491e-01
4.000000000000000000e+00 5.917406213997696840e-01 5.371093750000000000e-01 5.390625000000000000e-01 5.859375000000000000e-01 6.318359375000000000e-01 5.195312500000000000e-01 5.117187500000000000e-01 3.610131048387096864e-01 4.804687500000000000e-01 6.337890625000000000e-01 6.767578125000000000e-01 4.824218750000000000e-01 4.331527217741935609e-01 9.726562500000000000e-01 9.189138104838709964e-01
5.000000000000000000e+00 6.574425763248846755e-01 5.683593750000000000e-01 5.546875000000000000e-01 6.708984375000000000e-01 7.285156250000000000e-01 5.458984375000000000e-01 5.283203125000000000e-01 4.333732358870968082e-01 6.328125000000000000e-01 7.050781250000000000e-01 7.851562500000000000e-01 5.908203125000000000e-01 5.385269657258063836e-01 9.863281250000000000e-01 9.354208669354839856e-01
6.000000000000000000e+00 7.341454853110599421e-01 5.683593750000000000e-01 5.605468750000000000e-01 8.427734375000000000e-01 8.574218750000000000e-01 5.888671875000000000e-01 5.400390625000000000e-01 5.343686995967742437e-01 7.607421875000000000e-01 8.339843750000000000e-01 8.808593750000000000e-01 7.294921875000000000e-01 6.431766633064517347e-01 9.873046875000000000e-01 9.501008064516128782e-01
7.000000000000000000e+00 7.986188616071429047e-01 5.810546875000000000e-01 6.630859375000000000e-01 9.316406250000000000e-01 9.365234375000000000e-01 7.128906250000000000e-01 5.458984375000000000e-01 6.624558971774192617e-01 8.408203125000000000e-01 9.179687500000000000e-01 9.208984375000000000e-01 8.046875000000000000e-01 7.018334173387097419e-01 9.921875000000000000e-01 9.687184979838709964e-01
8.000000000000000000e+00 8.450933359735023354e-01 5.722656250000000000e-01 8.330078125000000000e-01 9.667968750000000000e-01 9.628906250000000000e-01 8.232421875000000000e-01 5.498046875000000000e-01 7.368636592741936164e-01 8.964843750000000000e-01 9.443359375000000000e-01 9.580078125000000000e-01 8.691406250000000000e-01 7.487399193548387455e-01 9.912109375000000000e-01 9.785156250000000000e-01
9.000000000000000000e+00 8.812396493375576068e-01 6.728515625000000000e-01 9.150390625000000000e-01 9.824218750000000000e-01 9.716796875000000000e-01 9.160156250000000000e-01 5.605468750000000000e-01 7.935672883064516236e-01 9.228515625000000000e-01 9.677734375000000000e-01 9.687500000000000000e-01 8.994140625000000000e-01 7.947958669354838745e-01 9.951171875000000000e-01 9.765309979838709964e-01
1.000000000000000000e+01 9.186415430587558939e-01 7.744140625000000000e-01 9.609375000000000000e-01 9.921875000000000000e-01 9.824218750000000000e-01 9.638671875000000000e-01 7.167968750000000000e-01 8.454196068548387455e-01 9.384765625000000000e-01 9.833984375000000000e-01 9.775390625000000000e-01 9.238281250000000000e-01 8.163432459677419928e-01 9.970703125000000000e-01 9.882812500000000000e-01
1.100000000000000000e+01 9.516309043778802268e-01 9.238281250000000000e-01 9.687500000000000000e-01 9.951171875000000000e-01 9.863281250000000000e-01 9.736328125000000000e-01 9.062500000000000000e-01 8.718497983870968637e-01 9.501953125000000000e-01 9.912109375000000000e-01 9.814453125000000000e-01 9.326171875000000000e-01 8.553112399193548709e-01 9.970703125000000000e-01 9.892263104838709964e-01
1.200000000000000000e+01 9.685812391993087189e-01 9.824218750000000000e-01 9.833984375000000000e-01 9.951171875000000000e-01 9.892578125000000000e-01 9.824218750000000000e-01 9.785156250000000000e-01 9.128969254032257563e-01 9.511718750000000000e-01 9.931640625000000000e-01 9.873046875000000000e-01 9.462890625000000000e-01 8.709047379032258673e-01 9.970703125000000000e-01 9.902028729838709964e-01
1.300000000000000000e+01 9.727080033122118552e-01 9.863281250000000000e-01 9.853515625000000000e-01 9.980468750000000000e-01 9.902343750000000000e-01 9.804687500000000000e-01 9.814453125000000000e-01 9.256237399193548709e-01 9.589843750000000000e-01 9.970703125000000000e-01 9.843750000000000000e-01 9.511718750000000000e-01 8.866242439516128782e-01 9.970703125000000000e-01 9.951171875000000000e-01
1.400000000000000000e+01 9.779440884216589192e-01 9.863281250000000000e-01 9.902343750000000000e-01 9.960937500000000000e-01 9.912109375000000000e-01 9.873046875000000000e-01 9.824218750000000000e-01 9.490612399193548709e-01 9.599609375000000000e-01 9.970703125000000000e-01 9.892578125000000000e-01 9.609375000000000000e-01 9.101247479838709964e-01 9.970703125000000000e-01 9.941406250000000000e-01
1.500000000000000000e+01 9.800335078587886217e-01 9.892578125000000000e-01 9.902343750000000000e-01 9.980468750000000000e-01 9.921875000000000000e-01 9.853515625000000000e-01 9.873046875000000000e-01 9.637726814516128782e-01 9.570312500000000000e-01 9.970703125000000000e-01 9.902343750000000000e-01 9.648437500000000000e-01 9.119698660714286031e-01 9.970703125000000000e-01 9.960937500000000000e-01
1.600000000000000000e+01 9.831689228110598311e-01 9.912109375000000000e-01 9.921875000000000000e-01 9.970703125000000000e-01 9.931640625000000000e-01 9.892578125000000000e-01 9.882812500000000000e-01 9.706401209677419928e-01 9.628906250000000000e-01 9.970703125000000000e-01 9.902343750000000000e-01 9.697265625000000000e-01 9.294669858870968637e-01 9.970703125000000000e-01 9.960937500000000000e-01
1.700000000000000000e+01 9.839519729262672376e-01 9.921875000000000000e-01 9.921875000000000000e-01 9.990234375000000000e-01 9.941406250000000000e-01 9.892578125000000000e-01 9.843750000000000000e-01 9.667653729838709964e-01 9.638671875000000000e-01 9.970703125000000000e-01 9.892578125000000000e-01 9.775390625000000000e-01 9.345388104838709964e-01 9.970703125000000000e-01 9.980468750000000000e-01
1.800000000000000000e+01 9.853380616359447286e-01 9.912109375000000000e-01 9.921875000000000000e-01 9.970703125000000000e-01 9.931640625000000000e-01 9.902343750000000000e-01 9.892578125000000000e-01 9.745148689516128782e-01 9.677734375000000000e-01 9.970703125000000000e-01 9.902343750000000000e-01 9.775390625000000000e-01 9.403351814516128782e-01 9.970703125000000000e-01 9.970703125000000000e-01
1.900000000000000000e+01 9.864653837845622775e-01 9.921875000000000000e-01 9.921875000000000000e-01 9.980468750000000000e-01 9.960937500000000000e-01 9.912109375000000000e-01 9.892578125000000000e-01 9.775075604838709964e-01 9.677734375000000000e-01 9.970703125000000000e-01 9.902343750000000000e-01 9.765625000000000000e-01 9.462890625000000000e-01 9.970703125000000000e-01 9.990234375000000000e-01
