0.000000000000000000e+00 1.523414998559907974e-01 1.494140625000000000e-01 1.201171875000000000e-01 1.679687500000000000e-01 1.865234375000000000e-01 9.179687500000000000e-02 1.347656250000000000e-01 3.818044354838710103e-02 6.640625000000000000e-02 1.259765625000000000e-01 1.210937500000000000e-01 6.152343750000000000e-02 3.717237903225806273e-02 5.263671875000000000e-01 3.054750504032258673e-01
1.000000000000000000e+00 3.604933215725806273e-01 4.160156250000000000e-01 3.105468750000000000e-01 3.955078125000000000e-01 3.720703125000000000e-01 3.300781250000000000e-01 3.720703125000000000e-01 1.341040826612903136e-01 1.669921875000000000e-01 3.095703125000000000e-01 3.457031250000000000e-01 2.021484375000000000e-01 1.584551411290322509e-01 8.066406250000000000e-01 7.270035282258063836e-01
2.000000000000000000e+00 4.858060915898617105e-01 5.410156250000000000e-01 4.521484375000000000e-01 5.224609375000000000e-01 4.785156250000000000e-01 4.228515625000000000e-01 4.248046875000000000e-01 2.329259072580645018e-01 2.724609375000000000e-01 5.273437500000000000e-01 5.634765625000000000e-01 3.173828125000000000e-01 2.708543346774193727e-01 9.296875000000000000e-01 8.453566028225806273e-01
3.000000000000000000e+00 5.969744563652074065e-01 6.064453125000000000e-01 5.625000000000000000e-01 6.015625000000000000e-01 5.673828125000000000e-01 4.570312500000000000e-01 4.482421875000000000e-01 3.601310483870968082e-01 4.277343750000000000e-01 7.480468750000000000e-01 8.183593750000000000e-01 4.794921875000000000e-01 3.901839717741935609e-01 9.541015625000000000e-01 9.364289314516128782e-01
4.000000000000000000e+00 6.979901713709677491e-01 6.386718750000000000e-01 6.464843750000000000e-01 7.226562500000000000e-01 6.337890625000000000e-01 4.687500000000000000e-01 4.453125000000000000e-01 5.047883064516128782e-01 6.542968750000000000e-01 9.267578125000000000e-01 9.365234375000000000e-01 7.109375000000000000e-01 5.328251008064516236e-01 9.902343750000000000e-01 9.598349294354838745e-01
5.000000000000000000e+00 7.637348790322581182e-01 7.041015625000000000e-01 7.021484375000000000e-01 8.515625000000000000e-01 7.265625000000000000e-01 4.511718750000000000e-01 3.789062500000000000e-01 6.407825100806451291e-01 8.339843750000000000e-01 9.726562500000000000e-01 9.746093750000000000e-01 8.574218750000000000e-01 6.375378024193548709e-01 9.921875000000000000e-01 9.686554939516128782e-01
6.000000000000000000e+00 8.260458669354838745e-01 7.392578125000000000e-01 8.125000000000000000e-01 9.472656250000000000e-01 9.238281250000000000e-01 4.921875000000000000e-01 3.466796875000000000e-01 7.425655241935483764e-01 9.267578125000000000e-01 9.912109375000000000e-01 9.892578125000000000e-01 9.160156250000000000e-01 7.586000504032258673e-01 9.951171875000000000e-01 9.833984375000000000e-01
7.000000000000000000e+00 8.802788378456222196e-01 7.353515625000000000e-01 9.248046875000000000e-01 9.912109375000000000e-01 9.833984375000000000e-01 6.982421875000000000e-01 3.544921875000000000e-01 8.523185483870967527e-01 9.677734375000000000e-01 9.951171875000000000e-01 9.970703125000000000e-01 9.658203125000000000e-01 8.739289314516128782e-01 9.970703125000000000e-01 9.873046875000000000e-01
8.000000000000000000e+00 9.201018865207374331e-01 8.505859375000000000e-01 9.814453125000000000e-01 9.990234375000000000e-01 9.970703125000000000e-01 9.482421875000000000e-01 2.763671875000000000e-01 9.314831149193548709e-01 9.804687500000000000e-01 9.960937500000000000e-01 9.951171875000000000e-01 9.824218750000000000e-01 9.559601814516128782e-01 9.980468750000000000e-01 9.891003024193548709e-01
9.000000000000000000e+00 9.289754901456550584e-01 8.916015625000000000e-01 9.882812500000000000e-01 9.990234375000000000e-01 9.980468750000000000e-01 9.892578125000000000e-01 2.646484375000000000e-01 9.560546875000000000e-01 9.853515625000000000e-01 9.970703125000000000e-01 9.970703125000000000e-01 9.873046875000000000e-01 9.656808035714286031e-01 9.990234375000000000e-01 9.872416834677419928e-01
1.000000000000000000e+01 9.427225842453920146e-01 9.511718750000000000e-01 9.912109375000000000e-01 9.951171875000000000e-01 1.000000000000000000e+00 9.960937500000000000e-01 3.505859375000000000e-01 9.686869959677419928e-01 9.892578125000000000e-01 9.980468750000000000e-01 9.990234375000000000e-01 9.902343750000000000e-01 9.784841229838709964e-01 9.980468750000000000e-01 9.921559979838709964e-01
1.100000000000000000e+01 9.743213565668202847e-01 9.755859375000000000e-01 9.931640625000000000e-01 9.990234375000000000e-01 9.921875000000000000e-01 9.902343750000000000e-01 7.480468750000000000e-01 9.852255544354838745e-01 9.951171875000000000e-01 9.980468750000000000e-01 9.980468750000000000e-01 9.912109375000000000e-01 9.814453125000000000e-01 9.990234375000000000e-01 9.941406250000000000e-01
1.200000000000000000e+01 9.887650309619815392e-01 9.833984375000000000e-01 9.873046875000000000e-01 9.980468750000000000e-01 1.000000000000000000e+00 9.921875000000000000e-01 9.462890625000000000e-01 9.775390625000000000e-01 9.912109375000000000e-01 9.980468750000000000e-01 9.980468750000000000e-01 9.921875000000000000e-01 9.862966229838709964e-01 9.980468750000000000e-01 9.941091229838709964e-01
1.300000000000000000e+01 9.943498883928570953e-01 9.912109375000000000e-01 9.941406250000000000e-01 9.990234375000000000e-01 9.980468750000000000e-01 9.970703125000000000e-01 9.843750000000000000e-01 9.873046875000000000e-01 9.960937500000000000e-01 9.980468750000000000e-01 1.000000000000000000e+00 9.931640625000000000e-01 9.882812500000000000e-01 9.990234375000000000e-01 9.951171875000000000e-01
1.400000000000000000e+01 9.958822364631336743e-01 9.960937500000000000e-01 9.921875000000000000e-01 9.990234375000000000e-01 1.000000000000000000e+00 9.980468750000000000e-01 9.921875000000000000e-01 9.892263104838709964e-01 9.960937500000000000e-01 9.980468750000000000e-01 9.990234375000000000e-01 9.951171875000000000e-01 9.921875000000000000e-01 9.990234375000000000e-01 9.960937500000000000e-01
1.500000000000000000e+01 9.957382272465437056e-01 9.960937500000000000e-01 9.960937500000000000e-01 9.990234375000000000e-01 1.000000000000000000e+00 9.970703125000000000e-01 9.921875000000000000e-01 9.891633064516128782e-01 9.960937500000000000e-01 9.980468750000000000e-01 9.990234375000000000e-01 9.902343750000000000e-01 9.921875000000000000e-01 1.000000000000000000e+00 9.951171875000000000e-01
1.600000000000000000e+01 9.963705177131336743e-01 9.960937500000000000e-01 9.951171875000000000e-01 9.990234375000000000e-01 1.000000000000000000e+00 9.980468750000000000e-01 9.951171875000000000e-01 9.921559979838709964e-01 9.960937500000000000e-01 9.941406250000000000e-01 9.980468750000000000e-01 9.951171875000000000e-01 9.931640625000000000e-01 1.000000000000000000e+00 9.970703125000000000e-01
1.700000000000000000e+01 9.970703125000000000e-01 9.960937500000000000e-01 9.960937500000000000e-01 9.990234375000000000e-01 1.000000000000000000e+00 9.980468750000000000e-01 9.970703125000000000e-01 9.931640625000000000e-01 9.980468750000000000e-01 9.980468750000000000e-01 1.000000000000000000e+00 9.951171875000000000e-01 9.931640625000000000e-01 9.990234375000000000e-01 9.960937500000000000e-01
1.800000000000000000e+01 9.946289062500000000e-01 9.882812500000000000e-01 9.960937500000000000e-01 9.941406250000000000e-01 9.960937500000000000e-01 9.941406250000000000e-01 9.902343750000000000e-01 9.921875000000000000e-01 1.000000000000000000e+00 9.941406250000000000e-01 9.990234375000000000e-01 9.951171875000000000e-01 9.882812500000000000e-01 1.000000000000000000e+00 9.970703125000000000e-01
1.900000000000000000e+01 9.976260980702765790e-01 9.960937500000000000e-01 9.970703125000000000e-01 9.990234375000000000e-01 1.000000000000000000e+00 9.980468750000000000e-01 9.970703125000000000e-01 9.951171875000000000e-01 9.990234375000000000e-01 9.980468750000000000e-01 1.000000000000000000e+00 9.951171875000000000e-01 9.951171875000000000e-01 1.000000000000000000e+00 9.970388104838709964e-01
