0.000000000000000000e+00 1.644810267857142738e-01 1.132812500000000000e-01 1.591796875000000000e-01 2.304687500000000000e-01 2.226562500000000000e-01 1.494140625000000000e-01 1.298828125000000000e-01 3.131300403225806273e-02 4.199218750000000000e-02 1.083984375000000000e-01 1.220703125000000000e-01 5.273437500000000000e-02 3.518775201612903136e-02 6.162109375000000000e-01 2.899445564516128782e-01
1.000000000000000000e+00 3.640597998271889457e-01 4.531250000000000000e-01 3.613281250000000000e-01 3.710937500000000000e-01 3.779296875000000000e-01 3.515625000000000000e-01 3.935546875000000000e-01 1.106035786290322509e-01 2.255859375000000000e-01 2.773437500000000000e-01 2.236328125000000000e-01 1.992187500000000000e-01 1.252205141129032195e-01 8.535156250000000000e-01 7.731224798387097419e-01
2.000000000000000000e+00 4.610050043202765235e-01 5.136718750000000000e-01 4.726562500000000000e-01 4.609375000000000000e-01 4.687500000000000000e-01 4.609375000000000000e-01 4.853515625000000000e-01 1.897051411290322509e-01 2.626953125000000000e-01 4.511718750000000000e-01 4.501953125000000000e-01 2.470703125000000000e-01 2.276965725806451568e-01 9.208984375000000000e-01 8.423324092741936164e-01
3.000000000000000000e+00 5.199941367676103043e-01 5.195312500000000000e-01 5.156250000000000000e-01 5.517578125000000000e-01 5.605468750000000000e-01 5.087890625000000000e-01 5.175781250000000000e-01 2.194970478110598866e-01 3.085937500000000000e-01 5.468750000000000000e-01 5.722656250000000000e-01 3.378906250000000000e-01 2.697517641129031918e-01 9.609375000000000000e-01 8.902784778225806273e-01
4.000000000000000000e+00 5.720473610311059831e-01 5.468750000000000000e-01 5.439453125000000000e-01 6.201171875000000000e-01 5.800781250000000000e-01 5.302734375000000000e-01 5.126953125000000000e-01 3.276209677419354982e-01 3.974609375000000000e-01 6.367187500000000000e-01 6.396484375000000000e-01 3.857421875000000000e-01 3.813319052419354982e-01 9.765625000000000000e-01 9.295929939516128782e-01
5.000000000000000000e+00 6.049242151497695730e-01 5.488281250000000000e-01 5.419921875000000000e-01 6.396484375000000000e-01 6.035156250000000000e-01 5.478515625000000000e-01 5.253906250000000000e-01 3.933341733870968082e-01 4.960937500000000000e-01 6.757812500000000000e-01 6.796875000000000000e-01 4.306640625000000000e-01 4.399256552419354982e-01 9.931640625000000000e-01 9.530619959677419928e-01
6.000000000000000000e+00 6.404449884792626779e-01 5.732421875000000000e-01 5.917968750000000000e-01 6.611328125000000000e-01 6.250000000000000000e-01 5.273437500000000000e-01 5.214843750000000000e-01 4.431703629032258673e-01 5.761718750000000000e-01 7.216796875000000000e-01 7.324218750000000000e-01 5.117187500000000000e-01 5.181766633064516236e-01 9.921875000000000000e-01 9.707031250000000000e-01
7.000000000000000000e+00 6.820906538018433052e-01 5.478515625000000000e-01 5.634765625000000000e-01 6.884765625000000000e-01 6.279296875000000000e-01 5.576171875000000000e-01 5.312500000000000000e-01 4.979838709677419373e-01 7.187500000000000000e-01 8.320312500000000000e-01 8.496093750000000000e-01 5.986328125000000000e-01 5.600743447580645018e-01 9.951171875000000000e-01 9.804687500000000000e-01
8.000000000000000000e+00 7.356733330933179493e-01 5.478515625000000000e-01 5.888671875000000000e-01 7.509765625000000000e-01 6.953125000000000000e-01 5.332031250000000000e-01 5.488281250000000000e-01 5.264931955645161255e-01 8.515625000000000000e-01 9.130859375000000000e-01 9.394531250000000000e-01 7.832031250000000000e-01 6.431136592741936164e-01 9.970703125000000000e-01 9.804057459677419928e-01
9.000000000000000000e+00 7.800551735311058721e-01 5.712890625000000000e-01 6.210937500000000000e-01 8.818359375000000000e-01 8.603515625000000000e-01 5.283203125000000000e-01 5.146484375000000000e-01 5.900957661290322509e-01 9.072265625000000000e-01 9.541015625000000000e-01 9.716796875000000000e-01 8.476562500000000000e-01 6.891066028225806273e-01 9.980468750000000000e-01 9.853200604838709964e-01
1.000000000000000000e+01 8.142011088709677491e-01 5.830078125000000000e-01 6.406250000000000000e-01 9.560546875000000000e-01 9.218750000000000000e-01 5.644531250000000000e-01 5.175781250000000000e-01 7.144972278225806273e-01 9.257812500000000000e-01 9.755859375000000000e-01 9.765625000000000000e-01 8.896484375000000000e-01 7.448651713709677491e-01 9.980468750000000000e-01 9.902343750000000000e-01
1.100000000000000000e+01 8.511799755184331628e-01 5.429687500000000000e-01 7.353515625000000000e-01 9.833984375000000000e-01 9.726562500000000000e-01 6.660156250000000000e-01 5.615234375000000000e-01 8.248802923387097419e-01 9.433593750000000000e-01 9.853515625000000000e-01 9.824218750000000000e-01 9.326171875000000000e-01 7.976940524193548709e-01 9.980468750000000000e-01 9.902343750000000000e-01
1.200000000000000000e+01 8.818156862039171484e-01 5.566406250000000000e-01 8.476562500000000000e-01 9.902343750000000000e-01 9.892578125000000000e-01 8.232421875000000000e-01 5.537109375000000000e-01 8.758505544354838745e-01 9.472656250000000000e-01 9.882812500000000000e-01 9.892578125000000000e-01 9.394531250000000000e-01 8.563193044354838745e-01 9.970703125000000000e-01 9.911794354838709964e-01
1.300000000000000000e+01 9.044161326324885453e-01 5.507812500000000000e-01 9.609375000000000000e-01 9.960937500000000000e-01 9.941406250000000000e-01 9.472656250000000000e-01 5.478515625000000000e-01 9.091166834677419928e-01 9.619140625000000000e-01 9.882812500000000000e-01 9.921875000000000000e-01 9.433593750000000000e-01 8.786857358870968637e-01 9.980468750000000000e-01 9.931640625000000000e-01
1.400000000000000000e+01 9.106263800883256376e-01 5.292968750000000000e-01 9.804687500000000000e-01 9.951171875000000000e-01 9.941406250000000000e-01 9.755859375000000000e-01 5.761718750000000000e-01 9.130208333333333925e-01 9.589843750000000000e-01 9.931640625000000000e-01 9.912109375000000000e-01 9.580078125000000000e-01 8.933971774193548709e-01 9.980468750000000000e-01 9.921559979838709964e-01
1.500000000000000000e+01 9.159323696716590302e-01 5.166015625000000000e-01 9.853515625000000000e-01 9.941406250000000000e-01 9.951171875000000000e-01 9.814453125000000000e-01 6.093750000000000000e-01 9.294984879032258673e-01 9.648437500000000000e-01 9.931640625000000000e-01 9.941406250000000000e-01 9.619140625000000000e-01 9.082031250000000000e-01 9.970703125000000000e-01 9.921875000000000000e-01
1.600000000000000000e+01 9.179574992799539590e-01 5.449218750000000000e-01 9.853515625000000000e-01 9.951171875000000000e-01 9.960937500000000000e-01 9.775390625000000000e-01 5.712890625000000000e-01 9.452809979838709964e-01 9.687500000000000000e-01 9.951171875000000000e-01 9.931640625000000000e-01 9.667968750000000000e-01 9.207724294354838745e-01 9.980468750000000000e-01 9.931640625000000000e-01
1.700000000000000000e+01 9.235941100230414813e-01 5.400390625000000000e-01 9.873046875000000000e-01 9.960937500000000000e-01 9.951171875000000000e-01 9.853515625000000000e-01 6.230468750000000000e-01 9.519909274193548709e-01 9.716796875000000000e-01 9.951171875000000000e-01 9.951171875000000000e-01 9.707031250000000000e-01 9.275453629032257563e-01 9.980468750000000000e-01 9.931640625000000000e-01
1.800000000000000000e+01 9.259770125288018239e-01 5.234375000000000000e-01 9.873046875000000000e-01 9.960937500000000000e-01 9.970703125000000000e-01 9.873046875000000000e-01 6.435546875000000000e-01 9.627961189516129892e-01 9.736328125000000000e-01 9.951171875000000000e-01 9.951171875000000000e-01 9.726562500000000000e-01 9.374054939516128782e-01 9.990234375000000000e-01 9.931640625000000000e-01
1.900000000000000000e+01 9.287626908122120772e-01 5.439453125000000000e-01 9.873046875000000000e-01 9.960937500000000000e-01 9.980468750000000000e-01 9.824218750000000000e-01 6.660156250000000000e-01 9.617565524193548709e-01 9.746093750000000000e-01 9.951171875000000000e-01 9.951171875000000000e-01 9.716796875000000000e-01 9.384135584677419928e-01 9.990234375000000000e-01 9.931325604838709964e-01
