0.000000000000000000e+00 8.566298243087556996e-02 7.617187500000000000e-02 7.519531250000000000e-02 4.394531250000000000e-02 4.980468750000000000e-02 5.371093750000000000e-02 6.250000000000000000e-02 1.855468750000000000e-02 2.636718750000000000e-02 9.375000000000000000e-02 8.105468750000000000e-02 2.734375000000000000e-02 1.956275201612903136e-02 4.882812500000000000e-01 8.303931451612903136e-02
1.000000000000000000e+00 2.499752484158986043e-01 2.714843750000000000e-01 2.255859375000000000e-01 2.988281250000000000e-01 2.636718750000000000e-01 2.099609375000000000e-01 2.343750000000000000e-01 3.717237903225806273e-02 3.613281250000000000e-02 1.474609375000000000e-01 1.601562500000000000e-01 3.417968750000000000e-02 4.101562500000000000e-02 8.466796875000000000e-01 6.929498487903226200e-01
2.000000000000000000e+00 3.616498955933180048e-01 4.667968750000000000e-01 3.642578125000000000e-01 4.111328125000000000e-01 3.623046875000000000e-01 3.662109375000000000e-01 4.023437500000000000e-01 4.501638104838708715e-02 1.240234375000000000e-01 2.714843750000000000e-01 3.144531250000000000e-01 1.738281250000000000e-01 7.226562500000000000e-02 8.964843750000000000e-01 7.924962197580646128e-01
3.000000000000000000e+00 4.514531430011520796e-01 5.185546875000000000e-01 4.599609375000000000e-01 5.322265625000000000e-01 4.785156250000000000e-01 4.824218750000000000e-01 4.609375000000000000e-01 1.125252016129032195e-01 2.529296875000000000e-01 4.023437500000000000e-01 4.619140625000000000e-01 2.812500000000000000e-01 1.300088205645161255e-01 9.433593750000000000e-01 8.033959173387097419e-01
4.000000000000000000e+00 5.105351742511520241e-01 5.322265625000000000e-01 5.332031250000000000e-01 6.044921875000000000e-01 5.361328125000000000e-01 4.912109375000000000e-01 5.175781250000000000e-01 1.652595766129032195e-01 3.359375000000000000e-01 4.853515625000000000e-01 5.634765625000000000e-01 3.769531250000000000e-01 2.061491935483870941e-01 9.619140625000000000e-01 8.376071068548386345e-01
5.000000000000000000e+00 5.672748055875576068e-01 5.595703125000000000e-01 5.664062500000000000e-01 6.337890625000000000e-01 5.986328125000000000e-01 5.000000000000000000e-01 5.117187500000000000e-01 2.806514616935483764e-01 4.296875000000000000e-01 5.830078125000000000e-01 6.523437500000000000e-01 4.560546875000000000e-01 3.352759576612903136e-01 9.697265625000000000e-01 8.649823588709677491e-01
6.000000000000000000e+00 6.149283554147465525e-01 5.976562500000000000e-01 5.898437500000000000e-01 6.513671875000000000e-01 6.191406250000000000e-01 5.078125000000000000e-01 4.873046875000000000e-01 3.765120967741935609e-01 5.566406250000000000e-01 6.689453125000000000e-01 7.001953125000000000e-01 5.498046875000000000e-01 4.241431451612903136e-01 9.785156250000000000e-01 9.011151713709677491e-01
7.000000000000000000e+00 6.761975266417049601e-01 6.210937500000000000e-01 6.093750000000000000e-01 7.412109375000000000e-01 6.025390625000000000e-01 5.029296875000000000e-01 4.628906250000000000e-01 4.811932963709676936e-01 7.392578125000000000e-01 7.792968750000000000e-01 8.242187500000000000e-01 6.972656250000000000e-01 4.984879032258064391e-01 9.853515625000000000e-01 9.216544858870968637e-01
8.000000000000000000e+00 7.347575244815668372e-01 6.455078125000000000e-01 6.298828125000000000e-01 8.544921875000000000e-01 7.080078125000000000e-01 4.746093750000000000e-01 4.550781250000000000e-01 5.390940020161290036e-01 8.505859375000000000e-01 8.808593750000000000e-01 9.248046875000000000e-01 8.232421875000000000e-01 5.650831653225806273e-01 9.912109375000000000e-01 9.441469254032257563e-01
9.000000000000000000e+00 7.829803607430875223e-01 6.640625000000000000e-01 6.455078125000000000e-01 9.423828125000000000e-01 8.896484375000000000e-01 4.853515625000000000e-01 4.296875000000000000e-01 6.564705141129032473e-01 9.121093750000000000e-01 9.404296875000000000e-01 9.472656250000000000e-01 8.828125000000000000e-01 6.197391633064516236e-01 9.951171875000000000e-01 9.511403729838709964e-01
1.000000000000000000e+01 8.132087953629031363e-01 6.816406250000000000e-01 6.923828125000000000e-01 9.667968750000000000e-01 9.521484375000000000e-01 4.580078125000000000e-01 4.062500000000000000e-01 7.544732862903226200e-01 9.267578125000000000e-01 9.638671875000000000e-01 9.687500000000000000e-01 9.101562500000000000e-01 7.399193548387097419e-01 9.970703125000000000e-01 9.667023689516129892e-01
1.100000000000000000e+01 8.317724834389400579e-01 7.177734375000000000e-01 7.304687500000000000e-01 9.873046875000000000e-01 9.746093750000000000e-01 4.560546875000000000e-01 3.789062500000000000e-01 7.984501008064517347e-01 9.511718750000000000e-01 9.736328125000000000e-01 9.804687500000000000e-01 9.326171875000000000e-01 7.927482358870967527e-01 9.951171875000000000e-01 9.754914314516128782e-01
1.200000000000000000e+01 8.506894441244240435e-01 7.529296875000000000e-01 7.744140625000000000e-01 9.941406250000000000e-01 9.863281250000000000e-01 5.253906250000000000e-01 3.271484375000000000e-01 8.561932963709677491e-01 9.511718750000000000e-01 9.863281250000000000e-01 9.814453125000000000e-01 9.501953125000000000e-01 8.493888608870968637e-01 9.970703125000000000e-01 9.775075604838709964e-01
1.300000000000000000e+01 8.777721774193548709e-01 8.261718750000000000e-01 8.710937500000000000e-01 9.931640625000000000e-01 9.931640625000000000e-01 7.011718750000000000e-01 2.646484375000000000e-01 8.924521169354838745e-01 9.570312500000000000e-01 9.921875000000000000e-01 9.892578125000000000e-01 9.531250000000000000e-01 8.778351814516128782e-01 9.970703125000000000e-01 9.804372479838709964e-01
1.400000000000000000e+01 8.968849006336405694e-01 8.349609375000000000e-01 9.140625000000000000e-01 9.951171875000000000e-01 9.941406250000000000e-01 8.515625000000000000e-01 2.646484375000000000e-01 9.128654233870967527e-01 9.638671875000000000e-01 9.902343750000000000e-01 9.902343750000000000e-01 9.638671875000000000e-01 9.042653729838709964e-01 9.970703125000000000e-01 9.794921875000000000e-01
1.500000000000000000e+01 9.085383964573733317e-01 8.701171875000000000e-01 9.550781250000000000e-01 9.960937500000000000e-01 9.941406250000000000e-01 9.326171875000000000e-01 2.138671875000000000e-01 9.345073084677419928e-01 9.687500000000000000e-01 9.960937500000000000e-01 9.892578125000000000e-01 9.619140625000000000e-01 9.237336189516128782e-01 9.980468750000000000e-01 9.853200604838709964e-01
1.600000000000000000e+01 9.150278117799539590e-01 8.984375000000000000e-01 9.707031250000000000e-01 9.970703125000000000e-01 9.960937500000000000e-01 9.716796875000000000e-01 1.982421875000000000e-01 9.392956149193548709e-01 9.648437500000000000e-01 9.960937500000000000e-01 9.912109375000000000e-01 9.677734375000000000e-01 9.335937500000000000e-01 9.990234375000000000e-01 9.863281250000000000e-01
1.700000000000000000e+01 9.179484987039171484e-01 9.423828125000000000e-01 9.775390625000000000e-01 9.980468750000000000e-01 9.970703125000000000e-01 9.843750000000000000e-01 1.513671875000000000e-01 9.559601814516129892e-01 9.716796875000000000e-01 9.960937500000000000e-01 9.912109375000000000e-01 9.707031250000000000e-01 9.295299899193548709e-01 9.990234375000000000e-01 9.862966229838709964e-01
1.800000000000000000e+01 9.194898473502304270e-01 9.638671875000000000e-01 9.843750000000000000e-01 9.980468750000000000e-01 9.970703125000000000e-01 9.873046875000000000e-01 1.250000000000000000e-01 9.588898689516128782e-01 9.746093750000000000e-01 9.941406250000000000e-01 9.912109375000000000e-01 9.726562500000000000e-01 9.384135584677419928e-01 9.990234375000000000e-01 9.882497479838709964e-01
1.900000000000000000e+01 9.215802311347925935e-01 9.746093750000000000e-01 9.853515625000000000e-01 9.980468750000000000e-01 9.970703125000000000e-01 9.892578125000000000e-01 1.269531250000000000e-01 9.647177419354838745e-01 9.746093750000000000e-01 9.980468750000000000e-01 9.912109375000000000e-01 9.736328125000000000e-01 9.461945564516128782e-01 9.980468750000000000e-01 9.843750000000000000e-01
