0.000000000000000000e+00 1.331162694412442449e-01 6.542968750000000000e-02 1.142578125000000000e-01 2.050781250000000000e-01 1.943359375000000000e-01 9.472656250000000000e-02 6.640625000000000000e-02 2.639868951612903136e-02 2.246093750000000000e-02 1.152343750000000000e-01 1.103515625000000000e-01 2.441406250000000000e-02 2.542212701612903136e-02 5.625000000000000000e-01 2.366116431451612823e-01
1.000000000000000000e+00 3.132470478110599421e-01 3.925781250000000000e-01 3.173828125000000000e-01 3.583984375000000000e-01 3.671875000000000000e-01 3.378906250000000000e-01 3.515625000000000000e-01 2.844632056451612892e-02 6.250000000000000000e-02 2.675781250000000000e-01 1.992187500000000000e-01 9.472656250000000000e-02 4.003906250000000000e-02 8.535156250000000000e-01 7.144342237903226200e-01
2.000000000000000000e+00 4.252749675979262678e-01 4.804687500000000000e-01 4.267578125000000000e-01 4.521484375000000000e-01 4.716796875000000000e-01 4.355468750000000000e-01 4.599609375000000000e-01 5.966481854838710103e-02 2.187500000000000000e-01 4.736328125000000000e-01 4.033203125000000000e-01 2.451171875000000000e-01 9.771925403225807660e-02 9.257812500000000000e-01 8.033014112903226200e-01
3.000000000000000000e+00 4.953372515841013568e-01 5.253906250000000000e-01 4.804687500000000000e-01 5.478515625000000000e-01 5.488281250000000000e-01 4.931640625000000000e-01 4.775390625000000000e-01 1.182900705645161255e-01 2.890625000000000000e-01 5.693359375000000000e-01 5.527343750000000000e-01 3.398437500000000000e-01 1.642830141129032195e-01 9.609375000000000000e-01 8.669921875000000666e-01
4.000000000000000000e+00 5.652586765552994885e-01 5.869140625000000000e-01 5.244140625000000000e-01 5.810546875000000000e-01 6.513671875000000000e-01 5.439453125000000000e-01 4.785156250000000000e-01 1.723475302419354982e-01 4.384765625000000000e-01 7.099609375000000000e-01 6.718750000000000000e-01 4.384765625000000000e-01 2.228767641129032195e-01 9.804687500000000000e-01 9.129284274193548709e-01
5.000000000000000000e+00 6.480099726382488878e-01 6.162109375000000000e-01 5.117187500000000000e-01 6.845703125000000000e-01 7.568359375000000000e-01 5.937500000000000000e-01 4.628906250000000000e-01 3.220136088709678046e-01 5.908203125000000000e-01 8.554687500000000000e-01 8.173828125000000000e-01 5.898437500000000000e-01 3.371345766129031918e-01 9.921875000000000000e-01 9.413117439516129892e-01
6.000000000000000000e+00 7.261642245103685500e-01 6.533203125000000000e-01 5.214843750000000000e-01 8.496093750000000000e-01 8.876953125000000000e-01 6.484375000000000000e-01 4.375000000000000000e-01 4.453440020161290036e-01 7.294921875000000000e-01 9.335937500000000000e-01 9.218750000000000000e-01 6.943359375000000000e-01 4.788936491935483764e-01 9.960937500000000000e-01 9.686239919354839856e-01
7.000000000000000000e+00 7.835158950172811387e-01 7.167968750000000000e-01 6.103515625000000000e-01 9.345703125000000000e-01 9.667968750000000000e-01 7.617187500000000000e-01 3.740234375000000000e-01 5.361958165322580072e-01 8.222656250000000000e-01 9.736328125000000000e-01 9.580078125000000000e-01 7.988281250000000000e-01 5.483240927419354982e-01 9.931640625000000000e-01 9.745463709677419928e-01
8.000000000000000000e+00 8.381799292297564818e-01 7.607421875000000000e-01 8.193359375000000000e-01 9.658203125000000000e-01 9.707031250000000000e-01 8.681640625000000000e-01 3.535156250000000000e-01 6.578115999423962412e-01 9.003906250000000000e-01 9.785156250000000000e-01 9.726562500000000000e-01 8.574218750000000000e-01 6.509576612903226200e-01 9.980468750000000000e-01 9.804372479838709964e-01
9.000000000000000000e+00 8.725662442396312501e-01 8.232421875000000000e-01 9.208984375000000000e-01 9.775390625000000000e-01 9.794921875000000000e-01 9.443359375000000000e-01 3.203125000000000000e-01 7.621093749999999778e-01 9.238281250000000000e-01 9.863281250000000000e-01 9.746093750000000000e-01 8.906250000000000000e-01 7.301852318548387455e-01 9.990234375000000000e-01 9.833984375000000000e-01
1.000000000000000000e+01 8.953323012672810277e-01 8.769531250000000000e-01 9.482421875000000000e-01 9.833984375000000000e-01 9.814453125000000000e-01 9.687500000000000000e-01 3.417968750000000000e-01 8.327242943548387455e-01 9.404296875000000000e-01 9.921875000000000000e-01 9.833984375000000000e-01 9.042968750000000000e-01 7.937878024193548709e-01 9.990234375000000000e-01 9.882182459677419928e-01
1.100000000000000000e+01 9.324574272753455295e-01 9.384765625000000000e-01 9.628906250000000000e-01 9.873046875000000000e-01 9.873046875000000000e-01 9.775390625000000000e-01 6.162109375000000000e-01 8.885458669354839856e-01 9.560546875000000000e-01 9.941406250000000000e-01 9.853515625000000000e-01 9.306640625000000000e-01 8.426474294354838745e-01 9.990234375000000000e-01 9.882497479838709964e-01
1.200000000000000000e+01 9.633631552419353872e-01 9.824218750000000000e-01 9.687500000000000000e-01 9.892578125000000000e-01 9.882812500000000000e-01 9.794921875000000000e-01 9.033203125000000000e-01 9.276713709677419928e-01 9.628906250000000000e-01 9.970703125000000000e-01 9.863281250000000000e-01 9.384765625000000000e-01 8.758190524193548709e-01 9.990234375000000000e-01 9.882812500000000000e-01
1.300000000000000000e+01 9.730657762096773800e-01 9.882812500000000000e-01 9.785156250000000000e-01 9.902343750000000000e-01 9.882812500000000000e-01 9.785156250000000000e-01 9.667968750000000000e-01 9.433278729838709964e-01 9.648437500000000000e-01 9.980468750000000000e-01 9.873046875000000000e-01 9.462890625000000000e-01 9.042338709677419928e-01 9.980468750000000000e-01 9.902028729838709964e-01
1.400000000000000000e+01 9.764207409274193727e-01 9.873046875000000000e-01 9.794921875000000000e-01 9.912109375000000000e-01 9.882812500000000000e-01 9.824218750000000000e-01 9.824218750000000000e-01 9.579763104838709964e-01 9.658203125000000000e-01 9.980468750000000000e-01 9.873046875000000000e-01 9.472656250000000000e-01 9.160156250000000000e-01 9.990234375000000000e-01 9.873046875000000000e-01
1.500000000000000000e+01 9.803832445276497998e-01 9.912109375000000000e-01 9.785156250000000000e-01 9.931640625000000000e-01 9.863281250000000000e-01 9.853515625000000000e-01 9.843750000000000000e-01 9.628591229838709964e-01 9.785156250000000000e-01 9.980468750000000000e-01 9.882812500000000000e-01 9.550781250000000000e-01 9.344128024193548709e-01 9.990234375000000000e-01 9.902028729838709964e-01
1.600000000000000000e+01 9.830339141705068950e-01 9.912109375000000000e-01 9.833984375000000000e-01 9.921875000000000000e-01 9.892578125000000000e-01 9.843750000000000000e-01 9.853515625000000000e-01 9.705456149193548709e-01 9.785156250000000000e-01 9.980468750000000000e-01 9.892578125000000000e-01 9.609375000000000000e-01 9.491557459677419928e-01 9.990234375000000000e-01 9.912109375000000000e-01
1.700000000000000000e+01 9.843704997119816502e-01 9.912109375000000000e-01 9.853515625000000000e-01 9.931640625000000000e-01 9.863281250000000000e-01 9.824218750000000000e-01 9.863281250000000000e-01 9.765309979838709964e-01 9.794921875000000000e-01 9.980468750000000000e-01 9.892578125000000000e-01 9.658203125000000000e-01 9.579763104838709964e-01 9.990234375000000000e-01 9.902343750000000000e-01
1.800000000000000000e+01 9.863956293202765790e-01 9.912109375000000000e-01 9.863281250000000000e-01 9.931640625000000000e-01 9.892578125000000000e-01 9.863281250000000000e-01 9.912109375000000000e-01 9.833984375000000000e-01 9.824218750000000000e-01 9.980468750000000000e-01 9.892578125000000000e-01 9.658203125000000000e-01 9.638671875000000000e-01 9.990234375000000000e-01 9.902028729838709964e-01
1.900000000000000000e+01 9.877164638536866104e-01 9.912109375000000000e-01 9.882812500000000000e-01 9.902343750000000000e-01 9.902343750000000000e-01 9.863281250000000000e-01 9.912109375000000000e-01 9.912109375000000000e-01 9.833984375000000000e-01 9.980468750000000000e-01 9.892578125000000000e-01 9.726562500000000000e-01 9.657258064516128782e-01 9.990234375000000000e-01 9.912109375000000000e-01
