0.000000000000000000e+00 7.080753168202764958e-02 6.445312500000000000e-02 5.273437500000000000e-02 1.044921875000000000e-01 1.132812500000000000e-01 3.710937500000000000e-02 6.640625000000000000e-02 3.222656250000000000e-02 3.906250000000000000e-02 7.226562500000000000e-02 7.714843750000000000e-02 4.199218750000000000e-02 2.636718750000000000e-02 2.031250000000000000e-01 6.064138104838710103e-02
1.000000000000000000e+00 1.641772573444700289e-01 1.777343750000000000e-01 1.660156250000000000e-01 2.060546875000000000e-01 1.933593750000000000e-01 1.376953125000000000e-01 1.660156250000000000e-01 3.323462701612903136e-02 5.078125000000000000e-02 1.582031250000000000e-01 1.337890625000000000e-01 5.664062500000000000e-02 2.737525201612903136e-02 4.873046875000000000e-01 3.042779737903225645e-01
2.000000000000000000e+00 2.159710721486174934e-01 2.548828125000000000e-01 2.167968750000000000e-01 2.548828125000000000e-01 2.421875000000000000e-01 1.845703125000000000e-01 2.753906250000000000e-01 3.717237903225806273e-02 7.226562500000000000e-02 1.660156250000000000e-01 1.464843750000000000e-01 8.398437500000000000e-02 4.397681451612903830e-02 5.830078125000000000e-01 4.619770665322580627e-01
3.000000000000000000e+00 2.599208849366359542e-01 3.486328125000000000e-01 2.392578125000000000e-01 2.910156250000000000e-01 2.519531250000000000e-01 2.578125000000000000e-01 2.939453125000000000e-01 4.696950604838708715e-02 1.064453125000000000e-01 2.216796875000000000e-01 2.138671875000000000e-01 1.044921875000000000e-01 6.357106854838709409e-02 6.269531250000000000e-01 5.722971270161291146e-01
4.000000000000000000e+00 2.900098106278801713e-01 3.603515625000000000e-01 2.832031250000000000e-01 3.144531250000000000e-01 2.783203125000000000e-01 2.646484375000000000e-01 3.486328125000000000e-01 8.127520161290323342e-02 1.367187500000000000e-01 2.636718750000000000e-01 2.392578125000000000e-01 1.445312500000000000e-01 9.085181451612903136e-02 6.562500000000000000e-01 5.979712701612902581e-01
5.000000000000000000e+00 3.203552527361751556e-01 3.730468750000000000e-01 3.066406250000000000e-01 3.398437500000000000e-01 2.890625000000000000e-01 2.880859375000000000e-01 3.505859375000000000e-01 1.133757560483871080e-01 1.982421875000000000e-01 2.783203125000000000e-01 2.919921875000000000e-01 1.708984375000000000e-01 1.280556955645161255e-01 7.031250000000000000e-01 6.536983366935483764e-01
6.000000000000000000e+00 3.550997263824884898e-01 3.964843750000000000e-01 3.291015625000000000e-01 3.583984375000000000e-01 3.281250000000000000e-01 3.134765625000000000e-01 4.052734375000000000e-01 1.407825100806451568e-01 2.089843750000000000e-01 3.447265625000000000e-01 3.515625000000000000e-01 2.138671875000000000e-01 1.535093245967742159e-01 7.451171875000000000e-01 6.819871471774192617e-01
7.000000000000000000e+00 3.759675619239631339e-01 4.267578125000000000e-01 3.349609375000000000e-01 3.681640625000000000e-01 3.330078125000000000e-01 3.291015625000000000e-01 4.101562500000000000e-01 1.750567036290322509e-01 2.431640625000000000e-01 3.867187500000000000e-01 3.857421875000000000e-01 2.138671875000000000e-01 1.651965725806451568e-01 7.675781250000000000e-01 7.240738407258063836e-01
8.000000000000000000e+00 4.077013428859446731e-01 4.238281250000000000e-01 3.505859375000000000e-01 3.750000000000000000e-01 3.710937500000000000e-01 3.759765625000000000e-01 4.208984375000000000e-01 2.062752016129032473e-01 2.988281250000000000e-01 4.462890625000000000e-01 4.072265625000000000e-01 2.695312500000000000e-01 2.110950100806451568e-01 8.017578125000000000e-01 7.494329637096773800e-01
9.000000000000000000e+00 4.297595046082949288e-01 4.589843750000000000e-01 3.896484375000000000e-01 4.414062500000000000e-01 3.955078125000000000e-01 3.798828125000000000e-01 4.296875000000000000e-01 2.035975302419354704e-01 3.164062500000000000e-01 4.726562500000000000e-01 4.541015625000000000e-01 2.880859375000000000e-01 2.022744455645161532e-01 8.164062500000000000e-01 7.679876512096773800e-01
1.000000000000000000e+01 4.589483726958524801e-01 4.970703125000000000e-01 4.023437500000000000e-01 4.697265625000000000e-01 4.296875000000000000e-01 3.955078125000000000e-01 4.257812500000000000e-01 2.544417842741935609e-01 3.281250000000000000e-01 5.390625000000000000e-01 4.814453125000000000e-01 3.359375000000000000e-01 2.385647681451612823e-01 8.486328125000000000e-01 7.789503528225806273e-01
1.100000000000000000e+01 4.737813220046083740e-01 4.589843750000000000e-01 4.062500000000000000e-01 5.068359375000000000e-01 4.443359375000000000e-01 4.277343750000000000e-01 4.462890625000000000e-01 2.632938508064516236e-01 3.496093750000000000e-01 5.576171875000000000e-01 5.292968750000000000e-01 3.271484375000000000e-01 2.608051915322580627e-01 8.623046875000000000e-01 7.924332157258063836e-01
1.200000000000000000e+01 5.108501944124423932e-01 5.048828125000000000e-01 4.570312500000000000e-01 5.527343750000000000e-01 5.029296875000000000e-01 4.326171875000000000e-01 4.306640625000000000e-01 3.043409778225806273e-01 3.935546875000000000e-01 6.044921875000000000e-01 5.859375000000000000e-01 3.750000000000000000e-01 2.991431451612903136e-01 8.818359375000000000e-01 8.267389112903226200e-01
1.300000000000000000e+01 5.201297883064516236e-01 4.902343750000000000e-01 4.511718750000000000e-01 5.595703125000000000e-01 5.410156250000000000e-01 4.716796875000000000e-01 4.443359375000000000e-01 2.955204133064515681e-01 4.042968750000000000e-01 6.123046875000000000e-01 5.996093750000000000e-01 3.974609375000000000e-01 2.992061491935484319e-01 8.828125000000000000e-01 8.325982862903226200e-01
1.400000000000000000e+01 5.478145958484199607e-01 5.195312500000000000e-01 4.687500000000000000e-01 5.839843750000000000e-01 5.546875000000000000e-01 5.068359375000000000e-01 4.472656250000000000e-01 3.472152217741935609e-01 4.658203125000000000e-01 6.513671875000000000e-01 6.259765625000000000e-01 4.345703125000000000e-01 3.303301411290323064e-01 8.906250000000000000e-01 8.424449164746542484e-01
1.500000000000000000e+01 5.649954097062211966e-01 5.332031250000000000e-01 5.195312500000000000e-01 6.337890625000000000e-01 5.693359375000000000e-01 5.380859375000000000e-01 4.521484375000000000e-01 3.463331653225806273e-01 4.492187500000000000e-01 6.777343750000000000e-01 6.591796875000000000e-01 4.326171875000000000e-01 3.490108366935484319e-01 9.003906250000000000e-01 8.493573588709677491e-01
1.600000000000000000e+01 5.838876188076037588e-01 5.449218750000000000e-01 5.537109375000000000e-01 6.601562500000000000e-01 5.878906250000000000e-01 5.478515625000000000e-01 4.443359375000000000e-01 3.745904737903225645e-01 5.039062500000000000e-01 7.021484375000000000e-01 6.699218750000000000e-01 4.482421875000000000e-01 3.518460181451613100e-01 9.121093750000000000e-01 8.727948588709677491e-01
1.700000000000000000e+01 6.016165034562211966e-01 5.556640625000000000e-01 5.625000000000000000e-01 6.962890625000000000e-01 6.162109375000000000e-01 5.605468750000000000e-01 4.492187500000000000e-01 3.972089213709676936e-01 5.117187500000000000e-01 7.197265625000000000e-01 7.001953125000000000e-01 4.609375000000000000e-01 3.841040826612903136e-01 9.257812500000000000e-01 8.825289818548387455e-01
1.800000000000000000e+01 6.212310087845622775e-01 5.449218750000000000e-01 5.898437500000000000e-01 6.875000000000000000e-01 6.396484375000000000e-01 5.937500000000000000e-01 4.658203125000000000e-01 4.342867943548386900e-01 5.449218750000000000e-01 7.324218750000000000e-01 7.412109375000000000e-01 4.882812500000000000e-01 4.173387096774193727e-01 9.287109375000000000e-01 8.885773689516128782e-01
1.900000000000000000e+01 6.315389184907834741e-01 5.732421875000000000e-01 6.230468750000000000e-01 7.177734375000000000e-01 6.806640625000000000e-01 6.083984375000000000e-01 4.316406250000000000e-01 4.225995463709676936e-01 5.517578125000000000e-01 7.695312500000000000e-01 7.246093750000000000e-01 4.970703125000000000e-01 4.348853326612903136e-01 9.287109375000000000e-01 8.776146673387096309e-01
