0.000000000000000000e+00 1.215599798387096836e-01 1.135962701612903275e-01 1.093750000000000000e-01 1.513671875000000000e-01 1.582031250000000000e-01 8.886718750000000000e-02 9.003276209677420205e-02 2.557963709677419165e-02 3.808593750000000000e-02 1.123046875000000000e-01 1.250000000000000000e-01 4.785156250000000000e-02 2.643019153225806273e-02 3.740234375000000000e-01 2.411227318548387344e-01
1.000000000000000000e+00 2.301762312788017961e-01 2.546622983870968082e-01 1.933593750000000000e-01 2.285156250000000000e-01 2.382812500000000000e-01 1.484690020161290314e-01 2.123235887096774355e-01 3.918850806451612545e-02 1.093750000000000000e-01 2.050781250000000000e-01 1.777343750000000000e-01 1.845703125000000000e-01 7.242313508064515681e-02 6.601562500000000000e-01 4.983303931451613655e-01
2.000000000000000000e+00 2.876752112135176342e-01 3.133820564516129337e-01 2.099609375000000000e-01 2.851562500000000000e-01 2.500000000000000000e-01 2.102129536290322509e-01 2.494644657258064391e-01 5.478200604838710103e-02 1.542968750000000000e-01 2.832031250000000000e-01 2.343750000000000000e-01 2.255859375000000000e-01 9.097782258064515681e-02 8.173828125000000000e-01 6.486727150537634490e-01
3.000000000000000000e+00 3.405795470910138456e-01 3.644783266129033028e-01 2.431640625000000000e-01 3.447265625000000000e-01 3.046875000000000000e-01 2.426285282258064391e-01 3.053175403225806273e-01 8.247227822580645296e-02 2.187500000000000000e-01 3.320312500000000000e-01 3.261718750000000000e-01 2.607421875000000000e-01 1.282132056451612823e-01 8.789062500000000000e-01 7.358240927419353872e-01
4.000000000000000000e+00 3.779174724325214396e-01 3.948777721774193727e-01 2.802734375000000000e-01 3.828125000000000000e-01 3.613281250000000000e-01 2.736895161290322509e-01 3.395917338709676936e-01 9.406502016129034138e-02 2.636718750000000000e-01 3.837890625000000000e-01 3.828125000000000000e-01 3.095703125000000000e-01 1.477444556451612823e-01 9.023437500000000000e-01 7.742745535714286031e-01
5.000000000000000000e+00 4.139406922043011305e-01 4.365864415322581182e-01 2.910156250000000000e-01 4.619140625000000000e-01 4.023437500000000000e-01 2.962449596774193727e-01 3.748697916666666741e-01 1.354271673387096864e-01 2.871093750000000000e-01 4.267578125000000000e-01 4.628906250000000000e-01 3.251953125000000000e-01 1.682522681451612823e-01 9.082031250000000000e-01 8.183593750000000000e-01
6.000000000000000000e+00 4.459897933467741882e-01 4.622290826612903136e-01 3.261718750000000000e-01 5.126953125000000000e-01 4.384765625000000000e-01 3.117439516129031918e-01 4.090851814516128782e-01 1.754767305107526876e-01 3.212890625000000000e-01 4.589843750000000000e-01 4.951171875000000000e-01 3.642578125000000000e-01 2.143397177419354704e-01 9.062500000000000000e-01 8.477402553763440096e-01
7.000000000000000000e+00 4.896619383640553047e-01 4.915574596774193172e-01 3.544921875000000000e-01 5.673828125000000000e-01 4.804687500000000000e-01 3.527280745967741882e-01 4.245526713709676936e-01 2.646169354838709409e-01 3.662109375000000000e-01 4.970703125000000000e-01 5.654296875000000000e-01 4.326171875000000000e-01 2.768397177419354982e-01 9.199218750000000000e-01 8.613785282258064058e-01
8.000000000000000000e+00 5.283662154377880560e-01 5.052923387096773800e-01 3.886718750000000000e-01 6.220703125000000000e-01 5.839843750000000000e-01 3.656123991935483764e-01 4.197013608870968082e-01 3.088058635752687908e-01 4.521484375000000000e-01 5.566406250000000000e-01 6.152343750000000000e-01 4.833984375000000000e-01 3.042464717741935609e-01 9.169921875000000000e-01 8.743279569892472569e-01
9.000000000000000000e+00 5.774427563364056271e-01 5.160912298387095865e-01 4.453125000000000000e-01 6.728515625000000000e-01 6.582031250000000000e-01 4.340032762096774355e-01 4.432333669354838745e-01 3.802923387096774355e-01 5.205078125000000000e-01 6.367187500000000000e-01 6.943359375000000000e-01 5.380859375000000000e-01 3.367250504032258673e-01 9.267578125000000000e-01 8.810798891129031363e-01
1.000000000000000000e+01 6.216450352822580072e-01 5.415826612903226200e-01 4.697265625000000000e-01 7.421875000000000000e-01 7.412109375000000000e-01 5.111517137096773800e-01 4.315461189516129337e-01 4.252772177419354982e-01 5.595703125000000000e-01 7.226562500000000000e-01 7.548828125000000000e-01 5.703125000000000000e-01 3.827494959677419928e-01 9.462890625000000000e-01 9.038873487903223980e-01
1.100000000000000000e+01 6.679930515552994219e-01 5.515688004032257563e-01 5.253906250000000000e-01 7.929687500000000000e-01 7.880859375000000000e-01 5.866305443548387455e-01 4.384135584677419373e-01 5.172001008064516236e-01 6.542968750000000000e-01 7.724609375000000000e-01 8.115234375000000000e-01 6.142578125000000000e-01 4.295614919354838745e-01 9.531250000000000000e-01 9.164188508064515792e-01
1.200000000000000000e+01 6.979046658986174378e-01 5.973727318548387455e-01 5.937500000000000000e-01 8.339843750000000000e-01 8.095703125000000000e-01 6.304183467741936164e-01 4.361769153225806828e-01 5.506552419354838745e-01 6.708984375000000000e-01 8.242187500000000000e-01 8.447265625000000000e-01 6.435546875000000000e-01 4.607169858870968082e-01 9.472656250000000000e-01 9.273563508064516236e-01
1.300000000000000000e+01 7.366701468894010230e-01 6.413495463709677491e-01 6.582031250000000000e-01 8.632812500000000000e-01 8.554687500000000000e-01 7.057711693548387455e-01 4.902028729838709964e-01 6.227318548387096309e-01 7.304687500000000000e-01 8.378906250000000000e-01 8.642578125000000000e-01 6.572265625000000000e-01 4.834614415322580627e-01 9.658203125000000000e-01 9.372479838709677491e-01
1.400000000000000000e+01 7.745198192684331628e-01 7.396358366935482653e-01 7.128906250000000000e-01 8.837890625000000000e-01 8.720703125000000000e-01 7.370526713709677491e-01 5.428742439516128782e-01 7.067477318548387455e-01 7.597656250000000000e-01 8.740234375000000000e-01 8.691406250000000000e-01 6.816406250000000000e-01 5.566091229838708854e-01 9.648437500000000000e-01 9.421938004032258673e-01
1.500000000000000000e+01 8.095085085445468120e-01 7.952578965053763715e-01 7.568359375000000000e-01 9.130859375000000000e-01 8.896484375000000000e-01 8.005922379032257563e-01 6.633379536290322509e-01 7.500000000000000000e-01 7.880859375000000000e-01 8.906250000000000000e-01 9.121093750000000000e-01 7.031250000000000000e-01 5.508442540322581182e-01 9.667968750000000000e-01 9.527742775537634268e-01
1.600000000000000000e+01 8.460991932055079712e-01 8.285660282258063836e-01 8.330078125000000000e-01 9.238281250000000000e-01 9.179687500000000000e-01 8.505229334677419928e-01 7.493489583333333703e-01 8.171208957373271575e-01 8.203125000000000000e-01 9.042968750000000000e-01 9.189453125000000000e-01 7.353515625000000000e-01 6.107610887096773800e-01 9.755859375000000000e-01 9.597719254032257563e-01
1.700000000000000000e+01 8.691001224078341858e-01 8.747794858870967527e-01 8.671875000000000000e-01 9.326171875000000000e-01 9.296875000000000000e-01 8.758190524193548709e-01 8.122164818548386345e-01 8.420173891129032473e-01 8.554687500000000000e-01 9.218750000000000000e-01 9.257812500000000000e-01 7.666015625000000000e-01 6.369077620967742437e-01 9.736328125000000000e-01 9.528099798387097419e-01
1.800000000000000000e+01 8.901448192684330296e-01 8.942708333333333481e-01 8.798828125000000000e-01 9.414062500000000000e-01 9.384765625000000000e-01 8.925151209677419928e-01 8.571698588709677491e-01 8.833753360215054196e-01 8.662109375000000000e-01 9.384765625000000000e-01 9.355468750000000000e-01 8.007812500000000000e-01 6.818926411290322509e-01 9.775390625000000000e-01 9.744833669354839856e-01
1.900000000000000000e+01 9.146146853398616772e-01 9.227570564516129892e-01 9.179687500000000000e-01 9.550781250000000000e-01 9.511718750000000000e-01 9.188823084677419928e-01 8.953503024193548709e-01 9.295593918010753853e-01 8.974609375000000000e-01 9.521484375000000000e-01 9.531250000000000000e-01 8.095703125000000000e-01 7.406901041666665853e-01 9.785156250000000000e-01 9.823273689516128782e-01
