0.000000000000000000e+00 1.351053967453917093e-01 1.142578125000000000e-01 9.667968750000000000e-02 1.679687500000000000e-01 1.699218750000000000e-01 8.886718750000000000e-02 8.789062500000000000e-02 3.225806451612903136e-02 4.199218750000000000e-02 1.035156250000000000e-01 1.064453125000000000e-01 4.785156250000000000e-02 2.737525201612903136e-02 5.214843750000000000e-01 2.849672379032258118e-01
1.000000000000000000e+00 3.390674503168202847e-01 3.662109375000000000e-01 3.115234375000000000e-01 3.974609375000000000e-01 3.564453125000000000e-01 2.832031250000000000e-01 3.222656250000000000e-01 1.222908266129032334e-01 1.943359375000000000e-01 2.675781250000000000e-01 3.310546875000000000e-01 1.728515625000000000e-01 1.329385080645161255e-01 7.851562500000000000e-01 7.036290322580646128e-01
2.000000000000000000e+00 4.655646961405529582e-01 4.765625000000000000e-01 4.033203125000000000e-01 4.912109375000000000e-01 4.648437500000000000e-01 4.443359375000000000e-01 4.267578125000000000e-01 2.191406250000000056e-01 3.085937500000000000e-01 4.648437500000000000e-01 5.419921875000000000e-01 2.851562500000000000e-01 2.384702620967741882e-01 9.111328125000000000e-01 8.415448588709677491e-01
3.000000000000000000e+00 5.858779033286702909e-01 5.712890625000000000e-01 5.126953125000000000e-01 6.298828125000000000e-01 5.810546875000000000e-01 5.097656250000000000e-01 4.511718750000000000e-01 3.575388824884792593e-01 4.853515625000000000e-01 6.728515625000000000e-01 7.431640625000000000e-01 4.492187500000000000e-01 3.566658266129031918e-01 9.619140625000000000e-01 9.197265625000000666e-01
4.000000000000000000e+00 6.962373091877880338e-01 6.308593750000000000e-01 5.439453125000000000e-01 7.412109375000000000e-01 7.021484375000000000e-01 5.566406250000000000e-01 4.345703125000000000e-01 5.312815020161290036e-01 6.757812500000000000e-01 9.013671875000000000e-01 9.130859375000000000e-01 6.474609375000000000e-01 5.169165826612902581e-01 9.902343750000000000e-01 9.618195564516128782e-01
5.000000000000000000e+00 7.739730342741937275e-01 6.367187500000000000e-01 5.996093750000000000e-01 8.886718750000000000e-01 8.505859375000000000e-01 5.214843750000000000e-01 4.414062500000000000e-01 6.709929435483871218e-01 8.369140625000000000e-01 9.580078125000000000e-01 9.785156250000000000e-01 8.261718750000000000e-01 6.490360383064517347e-01 9.960937500000000000e-01 9.814138104838709964e-01
6.000000000000000000e+00 8.294165826612902581e-01 7.119140625000000000e-01 6.386718750000000000e-01 9.794921875000000000e-01 9.570312500000000000e-01 5.742187500000000000e-01 3.925781250000000000e-01 7.897555443548387455e-01 9.414062500000000000e-01 9.853515625000000000e-01 9.912109375000000000e-01 9.091796875000000000e-01 7.576549899193548709e-01 9.931640625000000000e-01 9.902028729838709964e-01
7.000000000000000000e+00 8.721130652361751556e-01 7.490234375000000000e-01 7.431640625000000000e-01 9.980468750000000000e-01 9.882812500000000000e-01 6.982421875000000000e-01 3.818359375000000000e-01 8.865927419354838745e-01 9.726562500000000000e-01 9.902343750000000000e-01 9.931640625000000000e-01 9.599609375000000000e-01 8.679750504032257563e-01 9.931640625000000000e-01 9.872416834677419928e-01
8.000000000000000000e+00 9.163785410837721468e-01 8.427734375000000000e-01 9.199218750000000000e-01 9.990234375000000000e-01 9.960937500000000000e-01 9.072265625000000000e-01 3.623046875000000000e-01 9.345073084677419928e-01 9.892578125000000000e-01 9.931640625000000000e-01 9.960937500000000000e-01 9.755859375000000000e-01 9.246471774193548709e-01 9.980468750000000000e-01 9.906529017857143016e-01
9.000000000000000000e+00 9.517186599942396574e-01 9.257812500000000000e-01 9.912109375000000000e-01 9.980468750000000000e-01 9.990234375000000000e-01 9.853515625000000000e-01 5.537109375000000000e-01 9.539755544354839856e-01 9.951171875000000000e-01 9.941406250000000000e-01 9.980468750000000000e-01 9.824218750000000000e-01 9.541015625000000000e-01 9.970703125000000000e-01 9.960622479838709964e-01
