0.000000000000000000e+00 1.547970927282202869e-01 1.738281250000000000e-01 1.474609375000000000e-01 2.050781250000000000e-01 1.806640625000000000e-01 1.574470766129032195e-01 2.068917410714285754e-01 3.729838709677419512e-02 3.906250000000000000e-02 9.667968750000000000e-02 1.025390625000000000e-01 6.054687500000000000e-02 4.397681451612903830e-02 5.292968750000000000e-01 1.863890288978494458e-01
1.000000000000000000e+00 3.291834677419355204e-01 4.132749495967741882e-01 3.076171875000000000e-01 3.398437500000000000e-01 2.929687500000000000e-01 2.962134576612903136e-01 4.225680443548386900e-01 1.285912298387096864e-01 1.923828125000000000e-01 1.914062500000000000e-01 1.816406250000000000e-01 2.099609375000000000e-01 1.926348286290322787e-01 7.636718750000000000e-01 6.757938508064516014e-01
2.000000000000000000e+00 4.009171586981566393e-01 4.377205141129033028e-01 3.554687500000000000e-01 4.082031250000000000e-01 3.437500000000000000e-01 3.890498991935484319e-01 4.528729838709676936e-01 2.128276209677419373e-01 2.412109375000000000e-01 3.320312500000000000e-01 3.222656250000000000e-01 2.773437500000000000e-01 2.367376512096774355e-01 8.564453125000000000e-01 7.469128024193548709e-01
3.000000000000000000e+00 4.580807171658986543e-01 4.768775201612903691e-01 4.062500000000000000e-01 4.316406250000000000e-01 4.130859375000000000e-01 4.271358366935484319e-01 4.667338709677419373e-01 2.491305443548386955e-01 3.203125000000000000e-01 4.560546875000000000e-01 4.619140625000000000e-01 3.408203125000000000e-01 2.945753528225805717e-01 8.525390625000000000e-01 8.160597278225806273e-01
4.000000000000000000e+00 4.979673699116742847e-01 4.955582157258064391e-01 4.570312500000000000e-01 4.814453125000000000e-01 4.658203125000000000e-01 4.467300907258064391e-01 4.746723790322580072e-01 3.185693884408601906e-01 3.701171875000000000e-01 5.419921875000000000e-01 5.068359375000000000e-01 3.789062500000000000e-01 3.463961693548386900e-01 8.583984375000000000e-01 8.290700604838708854e-01
5.000000000000000000e+00 5.436122911866358987e-01 4.857610887096773800e-01 4.873046875000000000e-01 5.283203125000000000e-01 5.185546875000000000e-01 4.819493447580645018e-01 5.118762600806451291e-01 3.950037802419354427e-01 4.423828125000000000e-01 5.742187500000000000e-01 5.976562500000000000e-01 4.472656250000000000e-01 4.030367943548386900e-01 8.916015625000000000e-01 8.456401209677418818e-01
6.000000000000000000e+00 5.956567077435813706e-01 4.966292842741935609e-01 4.921875000000000000e-01 5.781250000000000000e-01 5.673828125000000000e-01 5.258631552419354982e-01 5.127583165322581182e-01 4.658203125000000000e-01 5.673828125000000000e-01 6.845703125000000000e-01 6.865234375000000000e-01 5.478515625000000000e-01 4.679804507488479204e-01 9.091796875000000000e-01 8.369392641129033139e-01
7.000000000000000000e+00 6.645234795026881969e-01 5.385269657258063836e-01 5.146484375000000000e-01 6.894531250000000000e-01 6.679687500000000000e-01 5.808341733870968637e-01 5.010395665322581182e-01 5.654254872311827995e-01 6.787109375000000000e-01 7.949218750000000000e-01 7.988281250000000000e-01 6.582031250000000000e-01 5.430632560483871218e-01 9.130859375000000000e-01 8.586189516129031363e-01
8.000000000000000000e+00 7.212481098790322065e-01 5.182774697580645462e-01 5.996093750000000000e-01 7.675781250000000000e-01 7.509765625000000000e-01 6.491305443548387455e-01 5.282573084677418818e-01 6.639049899193548709e-01 7.500000000000000000e-01 8.623046875000000000e-01 8.593750000000000000e-01 7.275390625000000000e-01 6.066973286290322509e-01 9.316406250000000000e-01 8.821824596774193727e-01
9.000000000000000000e+00 7.675251716109831035e-01 5.375504032258063836e-01 6.884765625000000000e-01 8.398437500000000000e-01 8.300781250000000000e-01 7.556073588709677491e-01 5.282258064516128782e-01 7.075037802419353872e-01 8.066406250000000000e-01 9.023437500000000000e-01 8.906250000000000000e-01 7.773437500000000000e-01 6.497290826612902581e-01 9.267578125000000000e-01 9.046265961021505708e-01
1.000000000000000000e+01 8.049659178187404951e-01 5.438193044354838745e-01 7.871093750000000000e-01 8.808593750000000000e-01 8.583984375000000000e-01 8.112399193548387455e-01 5.224294354838708854e-01 7.688928091397848608e-01 8.632812500000000000e-01 9.218750000000000000e-01 9.179687500000000000e-01 8.261718750000000000e-01 7.054876512096773800e-01 9.423828125000000000e-01 9.196068548387098529e-01
1.100000000000000000e+01 8.329762247640991601e-01 5.421947004608295151e-01 8.564453125000000000e-01 9.003906250000000000e-01 8.974609375000000000e-01 8.573273689516128782e-01 5.578061995967741327e-01 8.167527721774192617e-01 8.896484375000000000e-01 9.345703125000000000e-01 9.384765625000000000e-01 8.447265625000000000e-01 7.484879032258063836e-01 9.501953125000000000e-01 9.271841397849464039e-01
1.200000000000000000e+01 8.630212833621352386e-01 5.621219758064516236e-01 9.042968750000000000e-01 9.404296875000000000e-01 9.326171875000000000e-01 9.013041834677419928e-01 5.694619455645161255e-01 8.518649193548386567e-01 9.257812500000000000e-01 9.589843750000000000e-01 9.423828125000000000e-01 8.750000000000000000e-01 8.092552923387096309e-01 9.619140625000000000e-01 9.468834005376345342e-01
1.300000000000000000e+01 8.848464801747313313e-01 5.993573588709677491e-01 9.355468750000000000e-01 9.492187500000000000e-01 9.501953125000000000e-01 9.375000000000000000e-01 6.048387096774193727e-01 8.863092237903226200e-01 9.306640625000000000e-01 9.648437500000000000e-01 9.570312500000000000e-01 9.023437500000000000e-01 8.502394153225806273e-01 9.716796875000000000e-01 9.480825772849462707e-01
1.400000000000000000e+01 9.057999711981566948e-01 6.658581149193548709e-01 9.531250000000000000e-01 9.589843750000000000e-01 9.619140625000000000e-01 9.588898689516128782e-01 6.601247479838709964e-01 9.136529737903226200e-01 9.550781250000000000e-01 9.746093750000000000e-01 9.648437500000000000e-01 9.150390625000000000e-01 8.686995967741933944e-01 9.755859375000000000e-01 9.547946068548388565e-01
1.500000000000000000e+01 9.277523761520737322e-01 7.462827620967741327e-01 9.667968750000000000e-01 9.726562500000000000e-01 9.775390625000000000e-01 9.697265625000000000e-01 7.213331653225807383e-01 9.293724798387097419e-01 9.619140625000000000e-01 9.785156250000000000e-01 9.736328125000000000e-01 9.355468750000000000e-01 9.002331149193548709e-01 9.824218750000000000e-01 9.725617439516129892e-01
1.600000000000000000e+01 9.493470082085254669e-01 8.325982862903226200e-01 9.804687500000000000e-01 9.765625000000000000e-01 9.833984375000000000e-01 9.726247479838709964e-01 8.289440524193548709e-01 9.509198588709678601e-01 9.726562500000000000e-01 9.843750000000000000e-01 9.794921875000000000e-01 9.482421875000000000e-01 9.237021169354838745e-01 9.794921875000000000e-01 9.773815524193549820e-01
1.700000000000000000e+01 9.607327368951612545e-01 9.059034778225806273e-01 9.804687500000000000e-01 9.824218750000000000e-01 9.833984375000000000e-01 9.696635584677419928e-01 8.689516129032257563e-01 9.627961189516129892e-01 9.746093750000000000e-01 9.843750000000000000e-01 9.833984375000000000e-01 9.511718750000000000e-01 9.432018649193548709e-01 9.794921875000000000e-01 9.804057459677419928e-01
1.800000000000000000e+01 9.728205105126729313e-01 9.283959173387097419e-01 9.794921875000000000e-01 9.833984375000000000e-01 9.882812500000000000e-01 9.794921875000000000e-01 9.383820564516128782e-01 9.745148689516129892e-01 9.833984375000000000e-01 9.902343750000000000e-01 9.863281250000000000e-01 9.648437500000000000e-01 9.598979334677419928e-01 9.824218750000000000e-01 9.804057459677419928e-01
1.900000000000000000e+01 9.817693332373271797e-01 9.589528729838709964e-01 9.863281250000000000e-01 9.882812500000000000e-01 9.921875000000000000e-01 9.833984375000000000e-01 9.628276209677419928e-01 9.832724294354838745e-01 9.921875000000000000e-01 9.970703125000000000e-01 9.912109375000000000e-01 9.707031250000000000e-01 9.638356854838709964e-01 9.853515625000000000e-01 9.891633064516129892e-01
