0.000000000000000000e+00 8.582499279953917370e-02 3.125000000000000000e-02 4.296875000000000000e-02 1.123046875000000000e-01 1.240234375000000000e-01 5.371093750000000000e-02 4.003906250000000000e-02 2.249243951612903136e-02 4.003906250000000000e-02 8.300781250000000000e-02 9.082031250000000000e-02 4.003906250000000000e-02 4.101562500000000000e-02 3.730468750000000000e-01 1.067918346774193589e-01
1.000000000000000000e+00 2.098191784274193450e-01 2.402343750000000000e-01 1.552734375000000000e-01 2.460937500000000000e-01 2.402343750000000000e-01 1.484375000000000000e-01 2.080078125000000000e-01 3.811743951612903830e-02 8.691406250000000000e-02 1.464843750000000000e-01 1.435546875000000000e-01 5.664062500000000000e-02 3.808593750000000000e-02 6.708984375000000000e-01 5.184916834677418818e-01
2.000000000000000000e+00 2.812072472638248444e-01 3.623046875000000000e-01 2.519531250000000000e-01 3.193359375000000000e-01 2.958984375000000000e-01 2.246093750000000000e-01 3.330078125000000000e-01 7.932207661290321954e-02 1.162109375000000000e-01 1.943359375000000000e-01 1.640625000000000000e-01 9.863281250000000000e-02 7.910156250000000000e-02 7.529296875000000000e-01 6.651965725806451291e-01
3.000000000000000000e+00 3.373865927419354427e-01 4.199218750000000000e-01 2.753906250000000000e-01 3.369140625000000000e-01 3.144531250000000000e-01 2.812500000000000000e-01 4.023437500000000000e-01 1.506111391129032195e-01 1.621093750000000000e-01 2.734375000000000000e-01 1.992187500000000000e-01 1.757812500000000000e-01 1.738911290322580627e-01 8.007812500000000000e-01 7.573084677419356092e-01
4.000000000000000000e+00 3.834480049580316074e-01 4.482421875000000000e-01 3.437500000000000000e-01 3.876953125000000000e-01 3.544921875000000000e-01 3.447265625000000000e-01 4.277343750000000000e-01 1.683152721774193450e-01 2.207031250000000000e-01 3.134765625000000000e-01 2.617187500000000000e-01 2.255859375000000000e-01 2.257254464285714246e-01 8.398437500000000000e-01 8.062626008064517347e-01
5.000000000000000000e+00 4.364896853398617105e-01 4.921875000000000000e-01 3.857421875000000000e-01 4.404296875000000000e-01 4.072265625000000000e-01 3.867187500000000000e-01 4.521484375000000000e-01 2.102759576612903136e-01 2.646484375000000000e-01 3.984375000000000000e-01 3.642578125000000000e-01 2.802734375000000000e-01 2.836126512096774355e-01 8.837890625000000000e-01 8.611076108870967527e-01
6.000000000000000000e+00 4.850365423387096864e-01 5.302734375000000000e-01 4.355468750000000000e-01 4.931640625000000000e-01 4.394531250000000000e-01 4.404296875000000000e-01 4.687500000000000000e-01 2.514175907258064391e-01 3.300781250000000000e-01 4.687500000000000000e-01 4.765625000000000000e-01 3.193359375000000000e-01 3.256048387096774355e-01 9.130859375000000000e-01 8.980594758064516236e-01
7.000000000000000000e+00 5.338241647465437056e-01 5.546875000000000000e-01 4.765625000000000000e-01 5.781250000000000000e-01 4.648437500000000000e-01 4.658203125000000000e-01 4.599609375000000000e-01 2.925592237903225645e-01 4.072265625000000000e-01 5.576171875000000000e-01 5.859375000000000000e-01 3.818359375000000000e-01 3.862462197580645018e-01 9.365234375000000000e-01 9.255922379032258673e-01
8.000000000000000000e+00 5.750558035714286031e-01 5.810546875000000000e-01 4.902343750000000000e-01 6.142578125000000000e-01 5.166015625000000000e-01 4.833984375000000000e-01 4.492187500000000000e-01 3.502394153225805717e-01 4.931640625000000000e-01 6.484375000000000000e-01 6.396484375000000000e-01 4.560546875000000000e-01 4.388545866935484319e-01 9.482421875000000000e-01 9.413747479838709964e-01
9.000000000000000000e+00 6.227116035426266683e-01 5.947265625000000000e-01 5.322265625000000000e-01 6.787109375000000000e-01 5.605468750000000000e-01 4.892578125000000000e-01 4.648437500000000000e-01 4.069745463709676936e-01 5.605468750000000000e-01 7.441406250000000000e-01 7.519531250000000000e-01 5.019531250000000000e-01 4.975743447580645018e-01 9.716796875000000000e-01 9.628276209677419928e-01
1.000000000000000000e+01 6.541303643433179493e-01 6.386718750000000000e-01 5.126953125000000000e-01 7.167968750000000000e-01 6.064453125000000000e-01 5.234375000000000000e-01 4.287109375000000000e-01 4.639931955645161255e-01 6.230468750000000000e-01 7.978515625000000000e-01 7.919921875000000000e-01 5.732421875000000000e-01 5.268712197580645018e-01 9.765625000000000000e-01 9.775075604838709964e-01
1.100000000000000000e+01 6.954902613767280917e-01 6.357421875000000000e-01 5.732421875000000000e-01 7.792968750000000000e-01 6.640625000000000000e-01 5.283203125000000000e-01 4.482421875000000000e-01 5.174836189516128782e-01 6.894531250000000000e-01 8.437500000000000000e-01 8.505859375000000000e-01 6.367187500000000000e-01 6.149193548387097419e-01 9.804687500000000000e-01 9.745778729838709964e-01
1.200000000000000000e+01 7.245238695276496887e-01 6.523437500000000000e-01 5.683593750000000000e-01 8.388671875000000000e-01 7.285156250000000000e-01 5.537109375000000000e-01 4.277343750000000000e-01 5.635710685483871218e-01 7.460937500000000000e-01 8.867187500000000000e-01 8.974609375000000000e-01 6.650390625000000000e-01 6.501386088709677491e-01 9.892578125000000000e-01 9.755229334677419928e-01
1.300000000000000000e+01 7.525179111463133896e-01 6.650390625000000000e-01 5.908203125000000000e-01 8.701171875000000000e-01 7.646484375000000000e-01 5.722656250000000000e-01 4.414062500000000000e-01 5.832283266129031363e-01 8.027343750000000000e-01 9.306640625000000000e-01 9.345703125000000000e-01 7.187500000000000000e-01 6.834677419354838745e-01 9.902343750000000000e-01 9.873046875000000000e-01
1.400000000000000000e+01 7.787410894297235320e-01 7.001953125000000000e-01 6.503906250000000000e-01 9.013671875000000000e-01 8.261718750000000000e-01 5.693359375000000000e-01 4.082031250000000000e-01 6.536983366935482653e-01 8.476562500000000000e-01 9.423828125000000000e-01 9.443359375000000000e-01 7.558593750000000000e-01 7.252709173387097419e-01 9.921875000000000000e-01 9.853200604838709964e-01
1.500000000000000000e+01 8.021088349654378336e-01 7.460937500000000000e-01 6.572265625000000000e-01 9.208984375000000000e-01 8.769531250000000000e-01 6.025390625000000000e-01 3.847656250000000000e-01 6.799710181451612545e-01 8.740234375000000000e-01 9.697265625000000000e-01 9.599609375000000000e-01 7.998046875000000000e-01 7.731854838709677491e-01 9.931640625000000000e-01 9.912109375000000000e-01
1.600000000000000000e+01 8.261088709677419928e-01 7.646484375000000000e-01 6.914062500000000000e-01 9.580078125000000000e-01 9.169921875000000000e-01 6.640625000000000000e-01 3.779296875000000000e-01 7.317918346774193727e-01 9.033203125000000000e-01 9.716796875000000000e-01 9.726562500000000000e-01 8.369140625000000000e-01 7.936932963709677491e-01 9.931640625000000000e-01 9.892578125000000000e-01
1.700000000000000000e+01 8.440560195852534475e-01 7.773437500000000000e-01 7.500000000000000000e-01 9.716796875000000000e-01 9.335937500000000000e-01 6.757812500000000000e-01 3.896484375000000000e-01 7.632623487903226200e-01 9.248046875000000000e-01 9.785156250000000000e-01 9.785156250000000000e-01 8.593750000000000000e-01 8.337953629032257563e-01 9.902343750000000000e-01 9.902343750000000000e-01
1.800000000000000000e+01 8.695996543778801158e-01 8.222656250000000000e-01 7.988281250000000000e-01 9.863281250000000000e-01 9.609375000000000000e-01 7.666015625000000000e-01 3.886718750000000000e-01 8.072391633064516236e-01 9.365234375000000000e-01 9.882812500000000000e-01 9.833984375000000000e-01 8.828125000000000000e-01 8.720388104838709964e-01 9.941406250000000000e-01 9.863281250000000000e-01
1.900000000000000000e+01 8.881565920218893462e-01 8.486328125000000000e-01 8.623046875000000000e-01 9.833984375000000000e-01 9.736328125000000000e-01 8.232421875000000000e-01 4.111328125000000000e-01 8.386151713709677491e-01 9.521484375000000000e-01 9.882812500000000000e-01 9.863281250000000000e-01 9.042968750000000000e-01 8.758820564516128782e-01 9.951171875000000000e-01 9.911794354838709964e-01
